,JIGJID BATJARGAL,SAINBUYAN AMARSAIKHAN,Dashzegve AMARBAYASGALAN,TELUKHAN AUBAKIR,Khurelbaatar BULGANTUYA,Jadamba BAT-ERDENE,ENKHTAIVAN BAT-AMGALAN,NOROV ALTANKHUYAG
JIGJID BATJARGAL,0,27,21,20,18,24,23,19
SAINBUYAN AMARSAIKHAN,27,0,22,18,15,22,18,17
Dashzegve AMARBAYASGALAN,21,22,0,24,18,14,23,17
TELUKHAN AUBAKIR,20,18,24,0,16,13,16,11
Khurelbaatar BULGANTUYA,18,15,18,16,0,14,18,9
Jadamba BAT-ERDENE,24,22,14,13,14,0,19,19
ENKHTAIVAN BAT-AMGALAN,23,18,23,16,18,19,0,16
NOROV ALTANKHUYAG,19,17,17,11,9,19,16,0
